"X"
0.0380665840801173
0.707474277121533
1.25878821624125
-0.152131885915133
1.19578282628638
1.03012394460163
1.08541773161227
2.11661021271527
-0.218857415577988
2.26736872208989
0.255218403864859
-0.131218570835736
0.283641509967023
1.25265236964621
1.1520457066556
0.69234357032158
0.0469826690918778
0.35175718855153
2.22431362428058
1.19981160798297
0.421516278140028
0.0576992665224609
0.796271820338005
-0.666474840030159
0.515544890849009
0.258927339278405
2.16061577924134
2.01206712493423
0.92792152591344
-0.136782298099322
1.90062472898267
1.85177044709222
1.72771517415448
1.73650214568861
0.647870383054308
1.70551551348551
2.30035798873208
1.03825201414427
0.0207162300037216
1.79376123087253
1.78650687200945
0.6895368690407
2.6988848455591
0.205406291450719
1.34843771618003
-1.26540107351778
0.837794720971754
2.13086499145889
0.544454023739543
0.100833684461128
1.72683890173125
0.190559098134765
1.26708511595523
-0.737263710533594
-0.411425135808874
0.546448773221513
-0.0354912753680603
2.36214289325928
1.91745673697502
0.214857838923168
1.57351817314726
1.91819620773777
1.25628727298572
1.35196655593757
2.1743373570956
0.519153624710797
0.581170277864399
1.95511280322035
-0.289006610947866
1.18619743307504
0.968674498052772
1.46709730984657
2.02419767420456
1.2673584522344
1.2318261028602
1.74759246452241
2.21706851052422
1.38335834516827
0.0119471784078765
0.843147089803165
2.73553521624809
0.647701694499918
1.68864004412573
2.22440609580274
1.79429630330349
0.993597601578271
1.21915063516699
0.113536248994619
1.43976029137193
0.113610249334457
0.146181545645028
0.0100056692514994
0.349122263076105
2.05394666049401
0.60912196656917
0.92941360638992
0.537949190502955
1.54090826699026
1.9316349709265
0.790725654791609
1.61735004847214
0.59492248730665
2.05310376278932
1.60228424623294
2.01746117679617
1.60816731801202
1.20673599544651
-0.897727291794007
0.31741716832174
1.48133841544876
0.53696896199754
0.720258304219983
0.586309855448848
2.61876652099431
0.278944289136191
0.546906842671911
1.01425716081172
1.21576462119531
1.18887019529311
0.949851505664894
-0.495419631918812
1.3678377528336
1.51714402217558
0.515664534948967
1.67485561592317
0.237551394767934
1.38607379083817
0.335996655357527
-0.724344195154265
2.15631907930311
1.69350658987136
1.14315635616751
2.4928135601807
-0.6321534789575
1.12784602334533
-1.40366372713006
2.44392825556698
0.121106949692095
-0.306438327215651
0.122801007413131
-0.164380459489547
-0.982347680055379
0.0100557651363952
0.848315398834099
1.91250679064876
1.40766980824451
-0.242184375205046
0.357305588109186
2.93024368882515
1.4101993640142
-0.291349320971712
3.63504537476528
1.48707228823025
1.85389231794587
2.08844270545127
1.22601395708883
1.06819883756206
0.0151844673439788
-0.310854421843743
3.46405533523018
0.334571930138931
1.91286264802263
1.96466422628936
2.6080029371317
2.83539952490215
1.70246273324454
2.21785407875396
-0.123653829146249
1.66833011553932
2.21641148833652
1.23457535394817
0.581303412497613
1.23822008996179
0.449411807929588
0.499397231478059
2.1638974920419
3.15553695442591
-0.709157009102502
-0.600822615123448
-0.0385534134627024
1.32309422061129
0.111152846264829
1.3936789818851
1.23654146806694
0.569503186513056
0.452066873664882
-0.322251658835522
1.68212674938119
3.16278948153203
0.583330350707264
-0.357317896926559
0.328773538080456
1.64991824345291
1.77129117477108
3.676631927184
-0.370871421253807
1.0577591454958
0.802932491832351
-0.261517625522202
0.337557438363483
-0.332352324482382
1.27732362078604
2.08553384891352
-0.642718489473267
0.542819741558395
2.46117184545249
-0.672532602357499
2.56109599643857
-0.493370647822249
-0.182449140588022
0.643413119034214
0.0843598753817943
1.84948548504269
0.510392761888758
1.72798321018935
0.380686781306863
1.34373554296197
2.81362540071179
2.45322682994325
1.4124294429869
1.20197595937427
2.6843468984371
0.0351755220656765
1.66215519424467
0.446656006003627
3.4442052305831
0.695370163608266
0.882630131478421
1.96942878718215
1.59093962994261
-0.208958401523378
0.698071576594281
1.40126047515306
-0.688368241398173
0.287007528622002
0.745699663340231
-0.0015668284714625
0.0758996464378112
1.44024556895645
0.673183389050522
0.725524124675711
2.28414205886945
1.30421177658666
2.27368265590132
2.03344793223844
1.66538415614244
0.686671891414849
1.46407668532311
1.47860585981237
3.536235794746
0.464936914642876
2.36810622208781
1.14184429012826
0.217185031061242
2.8815187328925
1.55292286464722
-0.844856583437037
0.449692086306468
0.973985241374451
-1.15925036158022
2.77060008042958
1.76047348225988
0.515457153988665
0.527236100729888
1.3316720746356
0.0276992024322815
0.468755790605246
1.06203674015253
1.10352998799615
2.16979932885033
1.39418920111985
0.865897638611606
0.62012443418451
2.27866658154378
0.300667690534914
1.56425052563517
1.30294195582072
1.2154411567731
1.92100299932178
0.112448107658182
0.997106986030555
0.804826375773378
-1.23467890124463
1.47832298496903
2.62269201540157
-0.196074085543811
2.65950916216534
1.20454543388287
2.38597585270859
0.14218820520001
1.68586207586862
0.418337460455365
0.315447090381117
1.37847292209572
2.31295740961512
1.31402152085536
0.497814826079466
2.25211460352075
0.696844621969315
1.8112318644448
